Agátová
16.953106, 48.105253
17.244244, 48.219984

Alexyho
16.953106, 48.105253
17.244244, 48.219984

Americké nám.
16.953106, 48.105253
17.244244, 48.219984

Arménska
16.953106, 48.105253
17.244244, 48.219984

Astronomická
16.953106, 48.105253
17.244244, 48.219984

Aupark
16.953106, 48.105253
17.244244, 48.219984

Autobusová stanica
16.953106, 48.105253
17.244244, 48.219984

Avion - IKEA
16.953106, 48.105253
17.244244, 48.219984

Avion Shopping Park
16.953106, 48.105253
17.244244, 48.219984

BBC1 Plus-Miletičova
16.953106, 48.105253
17.244244, 48.219984

Bajkalská
16.953106, 48.105253
17.244244, 48.219984

Bakošova
16.953106, 48.105253
17.244244, 48.219984

Barónka
16.953106, 48.105253
17.244244, 48.219984

Big Media-Slowackého
16.953106, 48.105253
17.244244, 48.219984

Bilíkova
16.953106, 48.105253
17.244244, 48.219984

Blumentál
16.953106, 48.105253
17.244244, 48.219984

Bodrocká
16.953106, 48.105253
17.244244, 48.219984

Borská
16.953106, 48.105253
17.244244, 48.219984

Bory Mall
16.953106, 48.105253
17.244244, 48.219984

Bory-rázcestie
16.953106, 48.105253
17.244244, 48.219984

Bosákova
16.953106, 48.105253
17.244244, 48.219984

Botanická záhrada
16.953106, 48.105253
17.244244, 48.219984

Bočná
16.953106, 48.105253
17.244244, 48.219984

Bradáčova
16.953106, 48.105253
17.244244, 48.219984

Bratislava - Nové Mesto
16.953106, 48.105253
17.244244, 48.219984

Bratislava hl.st.
16.953106, 48.105253
17.244244, 48.219984

Bratislava, Račianske mýto
16.953106, 48.105253
17.244244, 48.219984

Bratislava,,AS
16.953106, 48.105253
17.244244, 48.219984

Bratislava,,Bajkalská
16.953106, 48.105253
17.244244, 48.219984

Bratislava,,Logistické centrum
16.953106, 48.105253
17.244244, 48.219984

Bratislava,,ŽST Vinohrady
16.953106, 48.105253
17.244244, 48.219984

Bratislava,Pod.Biskupice,Trafostanica
16.953106, 48.105253
17.244244, 48.219984

Bratislava-Lamač
16.953106, 48.105253
17.244244, 48.219984

Bratislava-Petržalka
16.953106, 48.105253
17.244244, 48.219984

Bratislava-Rača
16.953106, 48.105253
17.244244, 48.219984

Bratislava-Vajnory
16.953106, 48.105253
17.244244, 48.219984

Bratislava-Vinohrady
16.953106, 48.105253
17.244244, 48.219984

Bratislava-Železná studienka
16.953106, 48.105253
17.244244, 48.219984

Bratislavská župa
16.953106, 48.105253
17.244244, 48.219984

Briežky
16.953106, 48.105253
17.244244, 48.219984

Brodná
16.953106, 48.105253
17.244244, 48.219984

Bukovinská
16.953106, 48.105253
17.244244, 48.219984

Bukva
16.953106, 48.105253
17.244244, 48.219984

Bulharská
16.953106, 48.105253
17.244244, 48.219984

Bulíkova
16.953106, 48.105253
17.244244, 48.219984

Bárdošova
16.953106, 48.105253
17.244244, 48.219984

Búdková
16.953106, 48.105253
17.244244, 48.219984

Cabanova
16.953106, 48.105253
17.244244, 48.219984

Cabanova II
16.953106, 48.105253
17.244244, 48.219984

Cesta na Kamzík
16.953106, 48.105253
17.244244, 48.219984

Cesta na letisko
16.953106, 48.105253
17.244244, 48.219984

Chatam Sófer
16.953106, 48.105253
17.244244, 48.219984

Chlumeckého
16.953106, 48.105253
17.244244, 48.219984

Cintorín Petržalka
16.953106, 48.105253
17.244244, 48.219984

Cintorín Slávičie údolie
16.953106, 48.105253
17.244244, 48.219984

Cintorín Vrakuňa
16.953106, 48.105253
17.244244, 48.219984

Cintorínska
16.953106, 48.105253
17.244244, 48.219984

Clementisova
16.953106, 48.105253
17.244244, 48.219984

Cvernovka
16.953106, 48.105253
17.244244, 48.219984

DK Ružinov
16.953106, 48.105253
17.244244, 48.219984

Damborského
16.953106, 48.105253
17.244244, 48.219984

Dargovská
16.953106, 48.105253
17.244244, 48.219984

Detvianska
16.953106, 48.105253
17.244244, 48.219984

Deviaty mlyn
16.953106, 48.105253
17.244244, 48.219984

Devätinová
16.953106, 48.105253
17.244244, 48.219984

Devín
16.953106, 48.105253
17.244244, 48.219984

Devínska Nová Ves
16.953106, 48.105253
17.244244, 48.219984

Dolné Krčace
16.953106, 48.105253
17.244244, 48.219984

Dolné koruny
16.953106, 48.105253
17.244244, 48.219984

Domkárska
16.953106, 48.105253
17.244244, 48.219984

Donovalova
16.953106, 48.105253
17.244244, 48.219984

Drieňovské lúky
16.953106, 48.105253
17.244244, 48.219984

Drieňová
16.953106, 48.105253
17.244244, 48.219984

Drobného
16.953106, 48.105253
17.244244, 48.219984

Dubová
16.953106, 48.105253
17.244244, 48.219984

Dudvážska
16.953106, 48.105253
17.244244, 48.219984

Dulovo námestie
16.953106, 48.105253
17.244244, 48.219984

Dunajská
16.953106, 48.105253
17.244244, 48.219984

Dvory
16.953106, 48.105253
17.244244, 48.219984

Dúbravská cesta
16.953106, 48.105253
17.244244, 48.219984

Einsteinova
16.953106, 48.105253
17.244244, 48.219984

Ekonomická univerzita
16.953106, 48.105253
17.244244, 48.219984

Estónska
16.953106, 48.105253
17.244244, 48.219984

Eu. vzdel. akadémia
16.953106, 48.105253
17.244244, 48.219984

Farského
16.953106, 48.105253
17.244244, 48.219984

Fatruny
16.953106, 48.105253
17.244244, 48.219984

Gagarinova
16.953106, 48.105253
17.244244, 48.219984

Galvaniho
16.953106, 48.105253
17.244244, 48.219984

Gercenova
16.953106, 48.105253
17.244244, 48.219984

Grunty
16.953106, 48.105253
17.244244, 48.219984

Guothova
16.953106, 48.105253
17.244244, 48.219984

Haburská
16.953106, 48.105253
17.244244, 48.219984

Hainburg/Donau Landesklinikum
16.953106, 48.105253
17.244244, 48.219984

Hainburg/Donau Preßburger Reichsstrasse
16.953106, 48.105253
17.244244, 48.219984

Hany Meličkovej
16.953106, 48.105253
17.244244, 48.219984

Hanácka
16.953106, 48.105253
17.244244, 48.219984

Harmincova
16.953106, 48.105253
17.244244, 48.219984

Hauerland
16.953106, 48.105253
17.244244, 48.219984

Havlíčkova
16.953106, 48.105253
17.244244, 48.219984

Herlianska-OC Retro
16.953106, 48.105253
17.244244, 48.219984

Hečkova
16.953106, 48.105253
17.244244, 48.219984

Hlavná stanica
16.953106, 48.105253
17.244244, 48.219984

Hodonínska
16.953106, 48.105253
17.244244, 48.219984

Hodžovo námestie
16.953106, 48.105253
17.244244, 48.219984

Holíčska
16.953106, 48.105253
17.244244, 48.219984

Homolova
16.953106, 48.105253
17.244244, 48.219984

Horné Krčace
16.953106, 48.105253
17.244244, 48.219984

Horský park
16.953106, 48.105253
17.244244, 48.219984

Hospodárska
16.953106, 48.105253
17.244244, 48.219984

Hrad
16.953106, 48.105253
17.244244, 48.219984

Hrad Devín
16.953106, 48.105253
17.244244, 48.219984

Hradištná
16.953106, 48.105253
17.244244, 48.219984

Hraničná-OC Retro
16.953106, 48.105253
17.244244, 48.219984

Hroboňova
16.953106, 48.105253
17.244244, 48.219984

Hrobákova
16.953106, 48.105253
17.244244, 48.219984

Hronská
16.953106, 48.105253
17.244244, 48.219984

Hubeného
16.953106, 48.105253
17.244244, 48.219984

Hummelova
16.953106, 48.105253
17.244244, 48.219984

Husova
16.953106, 48.105253
17.244244, 48.219984

Hybešova
16.953106, 48.105253
17.244244, 48.219984

Hájnická
16.953106, 48.105253
17.244244, 48.219984

Hájovňa
16.953106, 48.105253
17.244244, 48.219984

Hálkova
16.953106, 48.105253
17.244244, 48.219984

Hálova
16.953106, 48.105253
17.244244, 48.219984

Húščavova
16.953106, 48.105253
17.244244, 48.219984

Hýrošova
16.953106, 48.105253
17.244244, 48.219984

Ihrisková
16.953106, 48.105253
17.244244, 48.219984

Inovecká
16.953106, 48.105253
17.244244, 48.219984

Internáty B
16.953106, 48.105253
17.244244, 48.219984

Ivana Bukovčana
16.953106, 48.105253
17.244244, 48.219984

Ivanka pri Dunaji,,METRO
16.953106, 48.105253
17.244244, 48.219984

Ivanská cesta
16.953106, 48.105253
17.244244, 48.219984

Janotova
16.953106, 48.105253
17.244244, 48.219984

Jančova
16.953106, 48.105253
17.244244, 48.219984

Jaskový rad
16.953106, 48.105253
17.244244, 48.219984

Jelačičova
16.953106, 48.105253
17.244244, 48.219984

Jesenského
16.953106, 48.105253
17.244244, 48.219984

Jeséniova
16.953106, 48.105253
17.244244, 48.219984

Jiráskova
16.953106, 48.105253
17.244244, 48.219984

Jungmannova
16.953106, 48.105253
17.244244, 48.219984

Jurajov dvor
16.953106, 48.105253
17.244244, 48.219984

Jurigovo námestie
16.953106, 48.105253
17.244244, 48.219984

Jurigrad
16.953106, 48.105253
17.244244, 48.219984

Jánske hony
16.953106, 48.105253
17.244244, 48.219984

Júlová
16.953106, 48.105253
17.244244, 48.219984

Júnová
16.953106, 48.105253
17.244244, 48.219984

Kadlečík
16.953106, 48.105253
17.244244, 48.219984

Kadnárova
16.953106, 48.105253
17.244244, 48.219984

Kalné jazero
16.953106, 48.105253
17.244244, 48.219984

Kalvária
16.953106, 48.105253
17.244244, 48.219984

Kamenné nám.
16.953106, 48.105253
17.244244, 48.219984

Kamenáče
16.953106, 48.105253
17.244244, 48.219984

Kameňolom
16.953106, 48.105253
17.244244, 48.219984

Kapucínska
16.953106, 48.105253
17.244244, 48.219984

Karadžičova
16.953106, 48.105253
17.244244, 48.219984

Karlova Ves
16.953106, 48.105253
17.244244, 48.219984

Karpatská
16.953106, 48.105253
17.244244, 48.219984

Karpatské námestie
16.953106, 48.105253
17.244244, 48.219984

Kačín
16.953106, 48.105253
17.244244, 48.219984

Kačínska dolina
16.953106, 48.105253
17.244244, 48.219984

Kaštieľska
16.953106, 48.105253
17.244244, 48.219984

Klanec
16.953106, 48.105253
17.244244, 48.219984

Klenová
16.953106, 48.105253
17.244244, 48.219984

Klepáč
16.953106, 48.105253
17.244244, 48.219984

Koliba
16.953106, 48.105253
17.244244, 48.219984

Kollárovo námestie
16.953106, 48.105253
17.244244, 48.219984

Kolmá
16.953106, 48.105253
17.244244, 48.219984

Komisárky
16.953106, 48.105253
17.244244, 48.219984

Komárovská
16.953106, 48.105253
17.244244, 48.219984

Kon-Rad
16.953106, 48.105253
17.244244, 48.219984

Koniarkova
16.953106, 48.105253
17.244244, 48.219984

Konvalinková
16.953106, 48.105253
17.244244, 48.219984

Kopčany
16.953106, 48.105253
17.244244, 48.219984

Kopčany - sídlisko
16.953106, 48.105253
17.244244, 48.219984

Kopčianska
16.953106, 48.105253
17.244244, 48.219984

Kopčianska-stred
16.953106, 48.105253
17.244244, 48.219984

Korytnická
16.953106, 48.105253
17.244244, 48.219984

Kozia
16.953106, 48.105253
17.244244, 48.219984

Košická
16.953106, 48.105253
17.244244, 48.219984

Krahulčia
16.953106, 48.105253
17.244244, 48.219984

Krasovského
16.953106, 48.105253
17.244244, 48.219984

Krematórium
16.953106, 48.105253
17.244244, 48.219984

Kremencová
16.953106, 48.105253
17.244244, 48.219984

Kremeľská
16.953106, 48.105253
17.244244, 48.219984

Kremnická
16.953106, 48.105253
17.244244, 48.219984

Krpáš
16.953106, 48.105253
17.244244, 48.219984

Krásna
16.953106, 48.105253
17.244244, 48.219984

Krížna
16.953106, 48.105253
17.244244, 48.219984

Kuklovská
16.953106, 48.105253
17.244244, 48.219984

Kuklovská 44
16.953106, 48.105253
17.244244, 48.219984

Kuklovská 60
16.953106, 48.105253
17.244244, 48.219984

Kukučínova
16.953106, 48.105253
17.244244, 48.219984

Kulíškova
16.953106, 48.105253
17.244244, 48.219984

Kvačalova
16.953106, 48.105253
17.244244, 48.219984

L. Dérera
16.953106, 48.105253
17.244244, 48.219984

Lachova
16.953106, 48.105253
17.244244, 48.219984

Lafranconi
16.953106, 48.105253
17.244244, 48.219984

Lamač
16.953106, 48.105253
17.244244, 48.219984

Lamač-Staré záhrady
16.953106, 48.105253
17.244244, 48.219984

Landererova
16.953106, 48.105253
17.244244, 48.219984

Lanovka
16.953106, 48.105253
17.244244, 48.219984

Lediny
16.953106, 48.105253
17.244244, 48.219984

Legionárska
16.953106, 48.105253
17.244244, 48.219984

Lesopark
16.953106, 48.105253
17.244244, 48.219984

Letisko (Airport)
16.953106, 48.105253
17.244244, 48.219984

Lieskovská cesta
16.953106, 48.105253
17.244244, 48.219984

Lipského
16.953106, 48.105253
17.244244, 48.219984

Lodenica
16.953106, 48.105253
17.244244, 48.219984

Lokomotívne depo I
16.953106, 48.105253
17.244244, 48.219984

Lokomotívne depo II
16.953106, 48.105253
17.244244, 48.219984

Lopenícka
16.953106, 48.105253
17.244244, 48.219984

Lovinského
16.953106, 48.105253
17.244244, 48.219984

Lúky II
16.953106, 48.105253
17.244244, 48.219984

Lúčna
16.953106, 48.105253
17.244244, 48.219984

Magnetová
16.953106, 48.105253
17.244244, 48.219984

Magurská
16.953106, 48.105253
17.244244, 48.219984

Majerská
16.953106, 48.105253
17.244244, 48.219984

Malá scéna
16.953106, 48.105253
17.244244, 48.219984

Malé Krasňany
16.953106, 48.105253
17.244244, 48.219984

Malý Draždiak
16.953106, 48.105253
17.244244, 48.219984

Mariánska
16.953106, 48.105253
17.244244, 48.219984

Markova
16.953106, 48.105253
17.244244, 48.219984

Markthof Nr. 10
16.953106, 48.105253
17.244244, 48.219984

Martinský cintorín
16.953106, 48.105253
17.244244, 48.219984

Matejkova
16.953106, 48.105253
17.244244, 48.219984

Matúškova
16.953106, 48.105253
17.244244, 48.219984

Maximiliána Hella
16.953106, 48.105253
17.244244, 48.219984

Micherov majer
16.953106, 48.105253
17.244244, 48.219984

Mickiewiczova
16.953106, 48.105253
17.244244, 48.219984

Mierová
16.953106, 48.105253
17.244244, 48.219984

Mierová kolónia
16.953106, 48.105253
17.244244, 48.219984

Milana Marečka
16.953106, 48.105253
17.244244, 48.219984

MiÚ Karlova Ves
16.953106, 48.105253
17.244244, 48.219984

MiÚ P. Biskupice
16.953106, 48.105253
17.244244, 48.219984

MiÚ Rača
16.953106, 48.105253
17.244244, 48.219984

MiÚ Ružinov
16.953106, 48.105253
17.244244, 48.219984

MiÚ Vajnory
16.953106, 48.105253
17.244244, 48.219984

Mišíkova
16.953106, 48.105253
17.244244, 48.219984

Mladá garda
16.953106, 48.105253
17.244244, 48.219984

Mliekarenská
16.953106, 48.105253
17.244244, 48.219984

Mliekárenská
16.953106, 48.105253
17.244244, 48.219984

Mlynarovičova
16.953106, 48.105253
17.244244, 48.219984

Mlynská
16.953106, 48.105253
17.244244, 48.219984

Mlynské nivy
16.953106, 48.105253
17.244244, 48.219984

Mláka
16.953106, 48.105253
17.244244, 48.219984

Mokraď
16.953106, 48.105253
17.244244, 48.219984

Mokrohájska
16.953106, 48.105253
17.244244, 48.219984

Molecova
16.953106, 48.105253
17.244244, 48.219984

Morava
16.953106, 48.105253
17.244244, 48.219984

Most Apollo
16.953106, 48.105253
17.244244, 48.219984

Most SNP
16.953106, 48.105253
17.244244, 48.219984

Most pri Bratislave,,Mototechna
16.953106, 48.105253
17.244244, 48.219984

Muchovo námestie
16.953106, 48.105253
17.244244, 48.219984

Na Grbe
16.953106, 48.105253
17.244244, 48.219984

Na Revíne
16.953106, 48.105253
17.244244, 48.219984

Na Sitine
16.953106, 48.105253
17.244244, 48.219984

Na hrebienku
16.953106, 48.105253
17.244244, 48.219984

Na hriadkach
16.953106, 48.105253
17.244244, 48.219984

Na pantoch
16.953106, 48.105253
17.244244, 48.219984

Na pasekách
16.953106, 48.105253
17.244244, 48.219984

Na vrátkach
16.953106, 48.105253
17.244244, 48.219984

Nad internátmi
16.953106, 48.105253
17.244244, 48.219984

Nad lúčkami
16.953106, 48.105253
17.244244, 48.219984

Nad vinicami
16.953106, 48.105253
17.244244, 48.219984

Nemecký kultúrny dom
16.953106, 48.105253
17.244244, 48.219984

Nemocnica Kramáre
16.953106, 48.105253
17.244244, 48.219984

Nemocnica Podunajské Biskupice
16.953106, 48.105253
17.244244, 48.219984

Nemocnica Ružinov
16.953106, 48.105253
17.244244, 48.219984

Nevädzová-OC Retro
16.953106, 48.105253
17.244244, 48.219984

Nobelova
16.953106, 48.105253
17.244244, 48.219984

Novohradská
16.953106, 48.105253
17.244244, 48.219984

Novoveská
16.953106, 48.105253
17.244244, 48.219984

Nová doba
16.953106, 48.105253
17.244244, 48.219984

Nové SND
16.953106, 48.105253
17.244244, 48.219984

Nový kameňolom
16.953106, 48.105253
17.244244, 48.219984

NÚSCH
16.953106, 48.105253
17.244244, 48.219984

Nákupná
16.953106, 48.105253
17.244244, 48.219984

Nákupná zóna Lúky
16.953106, 48.105253
17.244244, 48.219984

Nám. A. Hlinku
16.953106, 48.105253
17.244244, 48.219984

Nám. Biely kríž
16.953106, 48.105253
17.244244, 48.219984

Nám. sv. Cyrila a Metoda
16.953106, 48.105253
17.244244, 48.219984

Nám. Ľ. Štúra
16.953106, 48.105253
17.244244, 48.219984

Námestie 1. mája
16.953106, 48.105253
17.244244, 48.219984

Námestie Franza Liszta
16.953106, 48.105253
17.244244, 48.219984

Námestie SNP
16.953106, 48.105253
17.244244, 48.219984

Námestie hraničiarov
16.953106, 48.105253
17.244244, 48.219984

Námestie slobody
16.953106, 48.105253
17.244244, 48.219984

Národný onkologický ústav
16.953106, 48.105253
17.244244, 48.219984

OC Dubrawa
16.953106, 48.105253
17.244244, 48.219984

OD Saratov
16.953106, 48.105253
17.244244, 48.219984

OD Slimák
16.953106, 48.105253
17.244244, 48.219984

OU obchodné
16.953106, 48.105253
17.244244, 48.219984

OU železničné
16.953106, 48.105253
17.244244, 48.219984

Obchod Vajnory
16.953106, 48.105253
17.244244, 48.219984

Odbojárov
16.953106, 48.105253
17.244244, 48.219984

Odborárska
16.953106, 48.105253
17.244244, 48.219984

Odborárske nám.
16.953106, 48.105253
17.244244, 48.219984

Ondrejovova
16.953106, 48.105253
17.244244, 48.219984

Osloboditeľská
16.953106, 48.105253
17.244244, 48.219984

Ovsište
16.953106, 48.105253
17.244244, 48.219984

Ovsištské námestie
16.953106, 48.105253
17.244244, 48.219984

PD P. Biskupice
16.953106, 48.105253
17.244244, 48.219984

PPA Controll
16.953106, 48.105253
17.244244, 48.219984

Panoráma
16.953106, 48.105253
17.244244, 48.219984

Park kultúry
16.953106, 48.105253
17.244244, 48.219984

Partizánska
16.953106, 48.105253
17.244244, 48.219984

Pastierska
16.953106, 48.105253
17.244244, 48.219984

Patrónka
16.953106, 48.105253
17.244244, 48.219984

Patrónka, Kaufland
16.953106, 48.105253
17.244244, 48.219984

Pažítková
16.953106, 48.105253
17.244244, 48.219984

Pekná cesta
16.953106, 48.105253
17.244244, 48.219984

Pekníkova
16.953106, 48.105253
17.244244, 48.219984

Pestovateľská
16.953106, 48.105253
17.244244, 48.219984

Petõfiho
16.953106, 48.105253
17.244244, 48.219984

Pharos
16.953106, 48.105253
17.244244, 48.219984

Pionierska
16.953106, 48.105253
17.244244, 48.219984

Plniareň plynu
16.953106, 48.105253
17.244244, 48.219984

Plynárenská
16.953106, 48.105253
17.244244, 48.219984

Pod Zečákom
16.953106, 48.105253
17.244244, 48.219984

Pod násypom
16.953106, 48.105253
17.244244, 48.219984

Podháj
16.953106, 48.105253
17.244244, 48.219984

Podunajská
16.953106, 48.105253
17.244244, 48.219984

Podzáhradná
16.953106, 48.105253
17.244244, 48.219984

Polianky
16.953106, 48.105253
17.244244, 48.219984

Polus City Center
16.953106, 48.105253
17.244244, 48.219984

Povodie Dunaja
16.953106, 48.105253
17.244244, 48.219984

Povraznícka
16.953106, 48.105253
17.244244, 48.219984

Poštová-Martinus
16.953106, 48.105253
17.244244, 48.219984

Pračanská
16.953106, 48.105253
17.244244, 48.219984

Pri Habánskom mlyne
16.953106, 48.105253
17.244244, 48.219984

Pri Suchom mlyne
16.953106, 48.105253
17.244244, 48.219984

Pri krematóriu
16.953106, 48.105253
17.244244, 48.219984

Pri kríži
16.953106, 48.105253
17.244244, 48.219984

Pri mlyne
16.953106, 48.105253
17.244244, 48.219984

Pri nadjazde
16.953106, 48.105253
17.244244, 48.219984

Pri podchode
16.953106, 48.105253
17.244244, 48.219984

Pri starom letisku
16.953106, 48.105253
17.244244, 48.219984

Pri zvonici
16.953106, 48.105253
17.244244, 48.219984

Pri záhradách
16.953106, 48.105253
17.244244, 48.219984

Pri Šajbách
16.953106, 48.105253
17.244244, 48.219984

Pribylinská
16.953106, 48.105253
17.244244, 48.219984

Pridánky
16.953106, 48.105253
17.244244, 48.219984

Priekopnícka
16.953106, 48.105253
17.244244, 48.219984

Prievoz-most
16.953106, 48.105253
17.244244, 48.219984

Prievozská
16.953106, 48.105253
17.244244, 48.219984

Prokofievova
16.953106, 48.105253
17.244244, 48.219984

Prokopa Veľkého
16.953106, 48.105253
17.244244, 48.219984

Prvosienková
16.953106, 48.105253
17.244244, 48.219984

Prístav
16.953106, 48.105253
17.244244, 48.219984

Prístavná
16.953106, 48.105253
17.244244, 48.219984

Prístavný most
16.953106, 48.105253
17.244244, 48.219984

Pálenisko
16.953106, 48.105253
17.244244, 48.219984

Píniová
16.953106, 48.105253
17.244244, 48.219984

Púchovská
16.953106, 48.105253
17.244244, 48.219984

Radničné námestie
16.953106, 48.105253
17.244244, 48.219984

Radvanská
16.953106, 48.105253
17.244244, 48.219984

Rajská
16.953106, 48.105253
17.244244, 48.219984

Rakyta
16.953106, 48.105253
17.244244, 48.219984

Račianske mýto
16.953106, 48.105253
17.244244, 48.219984

Refinery Gallery
16.953106, 48.105253
17.244244, 48.219984

Riazanská
16.953106, 48.105253
17.244244, 48.219984

Romanova
16.953106, 48.105253
17.244244, 48.219984

Rozvodná
16.953106, 48.105253
17.244244, 48.219984

Rusovská cesta
16.953106, 48.105253
17.244244, 48.219984

Ružová dolina
16.953106, 48.105253
17.244244, 48.219984

Rybničná
16.953106, 48.105253
17.244244, 48.219984

Rádiová
16.953106, 48.105253
17.244244, 48.219984

Ráztočná
16.953106, 48.105253
17.244244, 48.219984

Ríbezľová
16.953106, 48.105253
17.244244, 48.219984

SAV
16.953106, 48.105253
17.244244, 48.219984

STU
16.953106, 48.105253
17.244244, 48.219984

Sabinovská
16.953106, 48.105253
17.244244, 48.219984

Sad Janka Kráľa
16.953106, 48.105253
17.244244, 48.219984

Saleziáni
16.953106, 48.105253
17.244244, 48.219984

Sandberg
16.953106, 48.105253
17.244244, 48.219984

Segnerova
16.953106, 48.105253
17.244244, 48.219984

Segnáre
16.953106, 48.105253
17.244244, 48.219984

Segnáre - nadchod
16.953106, 48.105253
17.244244, 48.219984

Shopping Palace
16.953106, 48.105253
17.244244, 48.219984

Shopping Park Soravia
16.953106, 48.105253
17.244244, 48.219984

Sihoť - BVS
16.953106, 48.105253
17.244244, 48.219984

Sklabinská
16.953106, 48.105253
17.244244, 48.219984

Slavín
16.953106, 48.105253
17.244244, 48.219984

Sliačska
16.953106, 48.105253
17.244244, 48.219984

Slov. nár. archív
16.953106, 48.105253
17.244244, 48.219984

Slovanet
16.953106, 48.105253
17.244244, 48.219984

Slovanské nábrežie
16.953106, 48.105253
17.244244, 48.219984

Slovinská
16.953106, 48.105253
17.244244, 48.219984

Slovnaftská
16.953106, 48.105253
17.244244, 48.219984

Smolenická
16.953106, 48.105253
17.244244, 48.219984

Sokolská
16.953106, 48.105253
17.244244, 48.219984

Solivarská
16.953106, 48.105253
17.244244, 48.219984

Sološnická
16.953106, 48.105253
17.244244, 48.219984

Spaľovňa
16.953106, 48.105253
17.244244, 48.219984

Spoločenská
16.953106, 48.105253
17.244244, 48.219984

Spádovisko I
16.953106, 48.105253
17.244244, 48.219984

Spádovisko II
16.953106, 48.105253
17.244244, 48.219984

Starohájska
16.953106, 48.105253
17.244244, 48.219984

Stará Ivanská
16.953106, 48.105253
17.244244, 48.219984

Stará Vajnorská
16.953106, 48.105253
17.244244, 48.219984

Stará vinárska
16.953106, 48.105253
17.244244, 48.219984

Staré ihrisko
16.953106, 48.105253
17.244244, 48.219984

Starý háj
16.953106, 48.105253
17.244244, 48.219984

Starý kameňolom
16.953106, 48.105253
17.244244, 48.219984

Stavbárska
16.953106, 48.105253
17.244244, 48.219984

Staviteľská
16.953106, 48.105253
17.244244, 48.219984

Stavivá
16.953106, 48.105253
17.244244, 48.219984

Stolárska
16.953106, 48.105253
17.244244, 48.219984

Strojnícka
16.953106, 48.105253
17.244244, 48.219984

Stromová
16.953106, 48.105253
17.244244, 48.219984

Studenohorská
16.953106, 48.105253
17.244244, 48.219984

Studená
16.953106, 48.105253
17.244244, 48.219984

Studená - zastávka
16.953106, 48.105253
17.244244, 48.219984

Suché mýto
16.953106, 48.105253
17.244244, 48.219984

Svätoplukova
16.953106, 48.105253
17.244244, 48.219984

Syslia
16.953106, 48.105253
17.244244, 48.219984

Súbežná
16.953106, 48.105253
17.244244, 48.219984

Súhvezdná
16.953106, 48.105253
17.244244, 48.219984

Súmračná
16.953106, 48.105253
17.244244, 48.219984

Tbiliská
16.953106, 48.105253
17.244244, 48.219984

Technická
16.953106, 48.105253
17.244244, 48.219984

Technické sklo
16.953106, 48.105253
17.244244, 48.219984

Technopol
16.953106, 48.105253
17.244244, 48.219984

Tehelná
16.953106, 48.105253
17.244244, 48.219984

Televízia
16.953106, 48.105253
17.244244, 48.219984

Terminál
16.953106, 48.105253
17.244244, 48.219984

Tesco Lamač
16.953106, 48.105253
17.244244, 48.219984

Tománkova
16.953106, 48.105253
17.244244, 48.219984

Tomášikova
16.953106, 48.105253
17.244244, 48.219984

Topoľčianska
16.953106, 48.105253
17.244244, 48.219984

Toryská
16.953106, 48.105253
17.244244, 48.219984

Tranovského
16.953106, 48.105253
17.244244, 48.219984

Tranovského II
16.953106, 48.105253
17.244244, 48.219984

Trenčianska
16.953106, 48.105253
17.244244, 48.219984

Trhovisko
16.953106, 48.105253
17.244244, 48.219984

Trnavská
16.953106, 48.105253
17.244244, 48.219984

Trnavská, NAD
16.953106, 48.105253
17.244244, 48.219984

Trnavské mýto
16.953106, 48.105253
17.244244, 48.219984

Trávna-Drevona
16.953106, 48.105253
17.244244, 48.219984

Tuhovská
16.953106, 48.105253
17.244244, 48.219984

Tulipánová
16.953106, 48.105253
17.244244, 48.219984

Tupolevova
16.953106, 48.105253
17.244244, 48.219984

Tupého
16.953106, 48.105253
17.244244, 48.219984

Uhliská
16.953106, 48.105253
17.244244, 48.219984

Uhrovecká
16.953106, 48.105253
17.244244, 48.219984

Ul. 29. augusta
16.953106, 48.105253
17.244244, 48.219984

Ul. 8. mája
16.953106, 48.105253
17.244244, 48.219984

Ulica svornosti
16.953106, 48.105253
17.244244, 48.219984

Ursínyho
16.953106, 48.105253
17.244244, 48.219984

Učiteľská
16.953106, 48.105253
17.244244, 48.219984

VD Úsvit
16.953106, 48.105253
17.244244, 48.219984

Vajnory
16.953106, 48.105253
17.244244, 48.219984

Vajnory - konečná
16.953106, 48.105253
17.244244, 48.219984

Vajnory-nadjazd
16.953106, 48.105253
17.244244, 48.219984

Valašská
16.953106, 48.105253
17.244244, 48.219984

Vapencová
16.953106, 48.105253
17.244244, 48.219984

Vazovova (občasná)
16.953106, 48.105253
17.244244, 48.219984

Vendelínska
16.953106, 48.105253
17.244244, 48.219984

Veľkolúcky potok
16.953106, 48.105253
17.244244, 48.219984

Viedenská cesta
16.953106, 48.105253
17.244244, 48.219984

Viedenská električka
16.953106, 48.105253
17.244244, 48.219984

Vihorlatská
16.953106, 48.105253
17.244244, 48.219984

Vinohradnícka
16.953106, 48.105253
17.244244, 48.219984

Višňová
16.953106, 48.105253
17.244244, 48.219984

Vlárska
16.953106, 48.105253
17.244244, 48.219984

Vlčie Hrdlo - záhrady
16.953106, 48.105253
17.244244, 48.219984

Vlčie hrdlo
16.953106, 48.105253
17.244244, 48.219984

Vlčie hrdlo - sídlisko
16.953106, 48.105253
17.244244, 48.219984

Vodostav
16.953106, 48.105253
17.244244, 48.219984

Vodárenské múzeum
16.953106, 48.105253
17.244244, 48.219984

Vojenská nemocnica
16.953106, 48.105253
17.244244, 48.219984

Vojenský útvar
16.953106, 48.105253
17.244244, 48.219984

Vozovňa Hroboňova
16.953106, 48.105253
17.244244, 48.219984

Vozovňa Jurajov dvor
16.953106, 48.105253
17.244244, 48.219984

Vozovňa Krasňany
16.953106, 48.105253
17.244244, 48.219984

Vozovňa Trnávka
16.953106, 48.105253
17.244244, 48.219984

Vrakuňa - záhrady
16.953106, 48.105253
17.244244, 48.219984

Vrančovičova
16.953106, 48.105253
17.244244, 48.219984

Vretenová
16.953106, 48.105253
17.244244, 48.219984

Vysoká
16.953106, 48.105253
17.244244, 48.219984

Váhostav
16.953106, 48.105253
17.244244, 48.219984

Vápenka
16.953106, 48.105253
17.244244, 48.219984

Východné
16.953106, 48.105253
17.244244, 48.219984

Výstavisko
16.953106, 48.105253
17.244244, 48.219984

VŠ Manažmentu
16.953106, 48.105253
17.244244, 48.219984

Waitov lom
16.953106, 48.105253
17.244244, 48.219984

Wolfsthal
16.953106, 48.105253
17.244244, 48.219984

Wolfsthal Am Friedhof
16.953106, 48.105253
17.244244, 48.219984

Wolfsthal Bahnhof
16.953106, 48.105253
17.244244, 48.219984

Wolfsthal, Hauptstrasse 40 / Wolfsthal Kirche
16.953106, 48.105253
17.244244, 48.219984

Wüstenrot
16.953106, 48.105253
17.244244, 48.219984

ZIPP
16.953106, 48.105253
17.244244, 48.219984

Zimný štadión
16.953106, 48.105253
17.244244, 48.219984

Zlaté piesky
16.953106, 48.105253
17.244244, 48.219984

Zlaté schody
16.953106, 48.105253
17.244244, 48.219984

Zochova
16.953106, 48.105253
17.244244, 48.219984

Zoo
16.953106, 48.105253
17.244244, 48.219984

Zvončeková
16.953106, 48.105253
17.244244, 48.219984

Záhumenice-Drevona
16.953106, 48.105253
17.244244, 48.219984

Zámocká
16.953106, 48.105253
17.244244, 48.219984

Záporožská
16.953106, 48.105253
17.244244, 48.219984

Zátišie
16.953106, 48.105253
17.244244, 48.219984

Závadská
16.953106, 48.105253
17.244244, 48.219984

Závodná
16.953106, 48.105253
17.244244, 48.219984

ZŠ Majerníkova
16.953106, 48.105253
17.244244, 48.219984

Údernícka-Kúpalisko
16.953106, 48.105253
17.244244, 48.219984

ČOV Vlčie hrdlo
16.953106, 48.105253
17.244244, 48.219984

Čachtická
16.953106, 48.105253
17.244244, 48.219984

Černockého
16.953106, 48.105253
17.244244, 48.219984

Červený kríž
16.953106, 48.105253
17.244244, 48.219984

Červený most P+R
16.953106, 48.105253
17.244244, 48.219984

Čierna Voda, Vajnorská
16.953106, 48.105253
17.244244, 48.219984

Čierny chodník
16.953106, 48.105253
17.244244, 48.219984

Čierny les
16.953106, 48.105253
17.244244, 48.219984

Čiližská
16.953106, 48.105253
17.244244, 48.219984

Čremchová
16.953106, 48.105253
17.244244, 48.219984

Šafranová
16.953106, 48.105253
17.244244, 48.219984

Šafárikovo nám.
16.953106, 48.105253
17.244244, 48.219984

Šafárikovo námestie
16.953106, 48.105253
17.244244, 48.219984

Šancová
16.953106, 48.105253
17.244244, 48.219984

Šaštínska
16.953106, 48.105253
17.244244, 48.219984

Šikmá
16.953106, 48.105253
17.244244, 48.219984

Šintavská
16.953106, 48.105253
17.244244, 48.219984

Šoltésovej
16.953106, 48.105253
17.244244, 48.219984

Špitálska
16.953106, 48.105253
17.244244, 48.219984

Športové letisko
16.953106, 48.105253
17.244244, 48.219984

Šprinclov majer
16.953106, 48.105253
17.244244, 48.219984

Štefana Králika
16.953106, 48.105253
17.244244, 48.219984

Štefanovičova
16.953106, 48.105253
17.244244, 48.219984

Štepná
16.953106, 48.105253
17.244244, 48.219984

Štrbská
16.953106, 48.105253
17.244244, 48.219984

Šulekova
16.953106, 48.105253
17.244244, 48.219984

Šustekova
16.953106, 48.105253
17.244244, 48.219984

Švabinského
16.953106, 48.105253
17.244244, 48.219984

Švantnerova
16.953106, 48.105253
17.244244, 48.219984

Šípová
16.953106, 48.105253
17.244244, 48.219984

Šíravská
16.953106, 48.105253
17.244244, 48.219984

ŽST Devínska Nová Ves
16.953106, 48.105253
17.244244, 48.219984

ŽST Lamač
16.953106, 48.105253
17.244244, 48.219984

ŽST Nové Mesto
16.953106, 48.105253
17.244244, 48.219984

ŽST P. Biskupice
16.953106, 48.105253
17.244244, 48.219984

ŽST Petržalka
16.953106, 48.105253
17.244244, 48.219984

ŽST Vajnory
16.953106, 48.105253
17.244244, 48.219984

ŽST Vinohrady
16.953106, 48.105253
17.244244, 48.219984

ŽST ÚNS
16.953106, 48.105253
17.244244, 48.219984

Žabotova
16.953106, 48.105253
17.244244, 48.219984

Žabí majer
16.953106, 48.105253
17.244244, 48.219984

Žabí majer - záhrady
16.953106, 48.105253
17.244244, 48.219984

Žatevná
16.953106, 48.105253
17.244244, 48.219984

Železničná
16.953106, 48.105253
17.244244, 48.219984

Železná studnička
16.953106, 48.105253
17.244244, 48.219984

Žilinská
16.953106, 48.105253
17.244244, 48.219984

Žitavská
16.953106, 48.105253
17.244244, 48.219984
